0.6212E+01  0.0000E+00  425.      0.000
0.6037E+01  0.0000E+00  425.      3.000
0.5696E+01  0.0000E+00  425.      6.000
0.5317E+01  0.0000E+00  425.      9.000
0.4998E+01  0.0000E+00  425.     12.000
0.4764E+01  0.0000E+00  425.     15.000
0.4600E+01  0.0000E+00  425.     18.000
0.4478E+01  0.0000E+00  425.     21.000
0.4375E+01  0.0000E+00  425.     24.000
0.4275E+01  0.0000E+00  425.     27.000
0.4167E+01  0.0000E+00  425.     30.000
0.4048E+01  0.0000E+00  425.     33.000
0.3912E+01  0.0000E+00  425.     36.000
0.3761E+01  0.0000E+00  425.     39.000
0.3593E+01  0.0000E+00  425.     42.000
0.3413E+01  0.0000E+00  425.     45.000
0.3222E+01  0.0000E+00  425.     48.000
0.3026E+01  0.0000E+00  425.     51.000
0.2828E+01  0.0000E+00  425.     54.000
0.2634E+01  0.0000E+00  425.     57.000
0.2446E+01  0.0000E+00  425.     60.000
0.2269E+01  0.0000E+00  425.     63.000
0.2105E+01  0.0000E+00  425.     66.000
0.1956E+01  0.0000E+00  425.     69.000
0.1823E+01  0.0000E+00  425.     72.000
0.1706E+01  0.0000E+00  425.     75.000
0.1605E+01  0.0000E+00  425.     78.000
0.1520E+01  0.0000E+00  425.     81.000
0.1450E+01  0.0000E+00  425.     84.000
0.1394E+01  0.0000E+00  425.     87.000
0.1351E+01  0.0000E+00  425.     90.000
0.1321E+01  0.0000E+00  425.     93.000
0.1303E+01  0.0000E+00  425.     96.000
0.1297E+01  0.0000E+00  425.     99.000
0.1304E+01  0.0000E+00  425.    102.000
0.1324E+01  0.0000E+00  425.    105.000
0.1359E+01  0.0000E+00  425.    108.000
0.1411E+01  0.0000E+00  425.    111.000
0.1481E+01  0.0000E+00  425.    114.000
0.1572E+01  0.0000E+00  425.    117.000
0.1686E+01  0.0000E+00  425.    120.000
0.1824E+01  0.0000E+00  425.    123.000
0.1989E+01  0.0000E+00  425.    126.000
0.2181E+01  0.0000E+00  425.    129.000
0.2400E+01  0.0000E+00  425.    132.000
0.2644E+01  0.0000E+00  425.    135.000
0.2910E+01  0.0000E+00  425.    138.000
0.3192E+01  0.0000E+00  425.    141.000
0.3485E+01  0.0000E+00  425.    144.000
0.3782E+01  0.0000E+00  425.    147.000
0.4076E+01  0.0000E+00  425.    150.000
0.4366E+01  0.0000E+00  425.    153.000
0.4661E+01  0.0000E+00  425.    156.000
0.4984E+01  0.0000E+00  425.    159.000
0.5389E+01  0.0000E+00  425.    162.000
0.5959E+01  0.0000E+00  425.    165.000
0.6793E+01  0.0000E+00  425.    168.000
0.7946E+01  0.0000E+00  425.    171.000
0.9302E+01  0.0000E+00  425.    174.000
0.1048E+02  0.0000E+00  425.    177.000
0.1096E+02  0.0000E+00  425.    180.000
