0.6141E+01  0.0000E+00  385.      0.000       
0.5972E+01  0.0000E+00  385.      3.000       
0.5644E+01  0.0000E+00  385.      6.000       
0.5266E+01  0.0000E+00  385.      9.000       
0.4930E+01  0.0000E+00  385.     12.000       
0.4671E+01  0.0000E+00  385.     15.000       
0.4481E+01  0.0000E+00  385.     18.000       
0.4336E+01  0.0000E+00  385.     21.000       
0.4216E+01  0.0000E+00  385.     24.000       
0.4104E+01  0.0000E+00  385.     27.000       
0.3992E+01  0.0000E+00  385.     30.000       
0.3872E+01  0.0000E+00  385.     33.000       
0.3742E+01  0.0000E+00  385.     36.000       
0.3599E+01  0.0000E+00  385.     39.000       
0.3445E+01  0.0000E+00  385.     42.000       
0.3280E+01  0.0000E+00  385.     45.000       
0.3106E+01  0.0000E+00  385.     48.000       
0.2928E+01  0.0000E+00  385.     51.000       
0.2747E+01  0.0000E+00  385.     54.000       
0.2570E+01  0.0000E+00  385.     57.000       
0.2398E+01  0.0000E+00  385.     60.000       
0.2235E+01  0.0000E+00  385.     63.000       
0.2084E+01  0.0000E+00  385.     66.000       
0.1946E+01  0.0000E+00  385.     69.000       
0.1822E+01  0.0000E+00  385.     72.000       
0.1715E+01  0.0000E+00  385.     75.000       
0.1622E+01  0.0000E+00  385.     78.000       
0.1545E+01  0.0000E+00  385.     81.000       
0.1482E+01  0.0000E+00  385.     84.000       
0.1434E+01  0.0000E+00  385.     87.000       
0.1400E+01  0.0000E+00  385.     90.000       
0.1378E+01  0.0000E+00  385.     93.000       
0.1371E+01  0.0000E+00  385.     96.000       
0.1376E+01  0.0000E+00  385.     99.000       
0.1395E+01  0.0000E+00  385.    102.000       
0.1430E+01  0.0000E+00  385.    105.000       
0.1480E+01  0.0000E+00  385.    108.000       
0.1548E+01  0.0000E+00  385.    111.000       
0.1636E+01  0.0000E+00  385.    114.000       
0.1746E+01  0.0000E+00  385.    117.000       
0.1879E+01  0.0000E+00  385.    120.000       
0.2037E+01  0.0000E+00  385.    123.000       
0.2220E+01  0.0000E+00  385.    126.000       
0.2429E+01  0.0000E+00  385.    129.000       
0.2662E+01  0.0000E+00  385.    132.000       
0.2916E+01  0.0000E+00  385.    135.000       
0.3188E+01  0.0000E+00  385.    138.000       
0.3471E+01  0.0000E+00  385.    141.000       
0.3760E+01  0.0000E+00  385.    144.000       
0.4047E+01  0.0000E+00  385.    147.000       
0.4330E+01  0.0000E+00  385.    150.000       
0.4608E+01  0.0000E+00  385.    153.000       
0.4896E+01  0.0000E+00  385.    156.000       
0.5222E+01  0.0000E+00  385.    159.000       
0.5642E+01  0.0000E+00  385.    162.000       
0.6237E+01  0.0000E+00  385.    165.000       
0.7092E+01  0.0000E+00  385.    168.000       
0.8236E+01  0.0000E+00  385.    171.000       
0.9536E+01  0.0000E+00  385.    174.000       
0.1063E+02  0.0000E+00  385.    177.000       
0.1107E+02  0.0000E+00  385.    180.000  
