0.6150E+01  0.0000E+00  375.      0.000       
0.5984E+01  0.0000E+00  375.      3.000       
0.5659E+01  0.0000E+00  375.      6.000       
0.5280E+01  0.0000E+00  375.      9.000       
0.4939E+01  0.0000E+00  375.     12.000       
0.4672E+01  0.0000E+00  375.     15.000       
0.4473E+01  0.0000E+00  375.     18.000       
0.4320E+01  0.0000E+00  375.     21.000       
0.4193E+01  0.0000E+00  375.     24.000       
0.4076E+01  0.0000E+00  375.     27.000       
0.3960E+01  0.0000E+00  375.     30.000       
0.3838E+01  0.0000E+00  375.     33.000       
0.3707E+01  0.0000E+00  375.     36.000       
0.3565E+01  0.0000E+00  375.     39.000       
0.3412E+01  0.0000E+00  375.     42.000       
0.3249E+01  0.0000E+00  375.     45.000       
0.3079E+01  0.0000E+00  375.     48.000       
0.2904E+01  0.0000E+00  375.     51.000       
0.2727E+01  0.0000E+00  375.     54.000       
0.2553E+01  0.0000E+00  375.     57.000       
0.2385E+01  0.0000E+00  375.     60.000       
0.2226E+01  0.0000E+00  375.     63.000       
0.2077E+01  0.0000E+00  375.     66.000       
0.1942E+01  0.0000E+00  375.     69.000       
0.1822E+01  0.0000E+00  375.     72.000       
0.1716E+01  0.0000E+00  375.     75.000       
0.1626E+01  0.0000E+00  375.     78.000       
0.1551E+01  0.0000E+00  375.     81.000       
0.1491E+01  0.0000E+00  375.     84.000       
0.1445E+01  0.0000E+00  375.     87.000       
0.1413E+01  0.0000E+00  375.     90.000       
0.1394E+01  0.0000E+00  375.     93.000       
0.1389E+01  0.0000E+00  375.     96.000       
0.1398E+01  0.0000E+00  375.     99.000       
0.1420E+01  0.0000E+00  375.    102.000       
0.1458E+01  0.0000E+00  375.    105.000       
0.1513E+01  0.0000E+00  375.    108.000       
0.1586E+01  0.0000E+00  375.    111.000       
0.1678E+01  0.0000E+00  375.    114.000       
0.1793E+01  0.0000E+00  375.    117.000       
0.1930E+01  0.0000E+00  375.    120.000       
0.2093E+01  0.0000E+00  375.    123.000       
0.2281E+01  0.0000E+00  375.    126.000       
0.2493E+01  0.0000E+00  375.    129.000       
0.2729E+01  0.0000E+00  375.    132.000       
0.2986E+01  0.0000E+00  375.    135.000       
0.3259E+01  0.0000E+00  375.    138.000       
0.3542E+01  0.0000E+00  375.    141.000       
0.3829E+01  0.0000E+00  375.    144.000       
0.4114E+01  0.0000E+00  375.    147.000       
0.4394E+01  0.0000E+00  375.    150.000       
0.4671E+01  0.0000E+00  375.    153.000       
0.4958E+01  0.0000E+00  375.    156.000       
0.5286E+01  0.0000E+00  375.    159.000       
0.5711E+01  0.0000E+00  375.    162.000       
0.6313E+01  0.0000E+00  375.    165.000       
0.7174E+01  0.0000E+00  375.    168.000       
0.8315E+01  0.0000E+00  375.    171.000       
0.9599E+01  0.0000E+00  375.    174.000       
0.1067E+02  0.0000E+00  375.    177.000       
0.1110E+02  0.0000E+00  375.    180.000  
