0.6550E+01  0.0000E+00    300.      0.000   
0.6396E+01  0.0000E+00    300.      3.000   
0.6091E+01  0.0000E+00    300.      6.000   
0.5707E+01  0.0000E+00    300.      9.000   
0.5323E+01  0.0000E+00    300.     12.000   
0.4984E+01  0.0000E+00    300.     15.000   
0.4700E+01  0.0000E+00    300.     18.000   
0.4463E+01  0.0000E+00    300.     21.000   
0.4258E+01  0.0000E+00    300.     24.000   
0.4074E+01  0.0000E+00    300.     27.000   
0.3901E+01  0.0000E+00    300.     30.000   
0.3735E+01  0.0000E+00    300.     33.000   
0.3572E+01  0.0000E+00    300.     36.000   
0.3409E+01  0.0000E+00    300.     39.000   
0.3246E+01  0.0000E+00    300.     42.000   
0.3082E+01  0.0000E+00    300.     45.000   
0.2919E+01  0.0000E+00    300.     48.000   
0.2757E+01  0.0000E+00    300.     51.000   
0.2598E+01  0.0000E+00    300.     54.000   
0.2445E+01  0.0000E+00    300.     57.000   
0.2298E+01  0.0000E+00    300.     60.000   
0.2161E+01  0.0000E+00    300.     63.000   
0.2035E+01  0.0000E+00    300.     66.000   
0.1922E+01  0.0000E+00    300.     69.000   
0.1822E+01  0.0000E+00    300.     72.000   
0.1736E+01  0.0000E+00    300.     75.000   
0.1665E+01  0.0000E+00    300.     78.000   
0.1609E+01  0.0000E+00    300.     81.000   
0.1568E+01  0.0000E+00    300.     84.000   
0.1543E+01  0.0000E+00    300.     87.000   
0.1532E+01  0.0000E+00    300.     90.000   
0.1536E+01  0.0000E+00    300.     93.000   
0.1556E+01  0.0000E+00    300.     96.000   
0.1592E+01  0.0000E+00    300.     99.000   
0.1644E+01  0.0000E+00    300.    102.000   
0.1714E+01  0.0000E+00    300.    105.000   
0.1802E+01  0.0000E+00    300.    108.000   
0.1911E+01  0.0000E+00    300.    111.000   
0.2040E+01  0.0000E+00    300.    114.000   
0.2192E+01  0.0000E+00    300.    117.000   
0.2367E+01  0.0000E+00    300.    120.000   
0.2564E+01  0.0000E+00    300.    123.000   
0.2783E+01  0.0000E+00    300.    126.000   
0.3022E+01  0.0000E+00    300.    129.000   
0.3278E+01  0.0000E+00    300.    132.000   
0.3548E+01  0.0000E+00    300.    135.000   
0.3825E+01  0.0000E+00    300.    138.000   
0.4105E+01  0.0000E+00    300.    141.000   
0.4383E+01  0.0000E+00    300.    144.000   
0.4657E+01  0.0000E+00    300.    147.000   
0.4927E+01  0.0000E+00    300.    150.000   
0.5203E+01  0.0000E+00    300.    153.000   
0.5507E+01  0.0000E+00    300.    156.000   
0.5876E+01  0.0000E+00    300.    159.000   
0.6364E+01  0.0000E+00    300.    162.000   
0.7036E+01  0.0000E+00    300.    165.000   
0.7936E+01  0.0000E+00    300.    168.000   
0.9040E+01  0.0000E+00    300.    171.000   
0.1019E+02  0.0000E+00    300.    174.000   
0.1110E+02  0.0000E+00    300.    177.000   
0.1145E+02  0.0000E+00    300.    180.000
