0.6354E+01  0.0000E+00  325.      0.000       
0.6196E+01  0.0000E+00  325.      3.000       
0.5884E+01  0.0000E+00  325.      6.000       
0.5501E+01  0.0000E+00  325.      9.000       
0.5132E+01  0.0000E+00  325.     12.000       
0.4818E+01  0.0000E+00  325.     15.000       
0.4566E+01  0.0000E+00  325.     18.000       
0.4360E+01  0.0000E+00  325.     21.000       
0.4186E+01  0.0000E+00  325.     24.000       
0.4030E+01  0.0000E+00  325.     27.000       
0.3881E+01  0.0000E+00  325.     30.000       
0.3735E+01  0.0000E+00  325.     33.000       
0.3588E+01  0.0000E+00  325.     36.000       
0.3437E+01  0.0000E+00  325.     39.000       
0.3281E+01  0.0000E+00  325.     42.000       
0.3122E+01  0.0000E+00  325.     45.000       
0.2960E+01  0.0000E+00  325.     48.000       
0.2797E+01  0.0000E+00  325.     51.000       
0.2634E+01  0.0000E+00  325.     54.000       
0.2476E+01  0.0000E+00  325.     57.000       
0.2324E+01  0.0000E+00  325.     60.000       
0.2180E+01  0.0000E+00  325.     63.000       
0.2047E+01  0.0000E+00  325.     66.000       
0.1927E+01  0.0000E+00  325.     69.000       
0.1820E+01  0.0000E+00  325.     72.000       
0.1727E+01  0.0000E+00  325.     75.000       
0.1650E+01  0.0000E+00  325.     78.000       
0.1587E+01  0.0000E+00  325.     81.000       
0.1539E+01  0.0000E+00  325.     84.000       
0.1506E+01  0.0000E+00  325.     87.000       
0.1487E+01  0.0000E+00  325.     90.000       
0.1483E+01  0.0000E+00  325.     93.000       
0.1494E+01  0.0000E+00  325.     96.000       
0.1520E+01  0.0000E+00  325.     99.000       
0.1561E+01  0.0000E+00  325.    102.000       
0.1620E+01  0.0000E+00  325.    105.000       
0.1696E+01  0.0000E+00  325.    108.000       
0.1792E+01  0.0000E+00  325.    111.000       
0.1909E+01  0.0000E+00  325.    114.000       
0.2048E+01  0.0000E+00  325.    117.000       
0.2210E+01  0.0000E+00  325.    120.000       
0.2396E+01  0.0000E+00  325.    123.000       
0.2605E+01  0.0000E+00  325.    126.000       
0.2836E+01  0.0000E+00  325.    129.000       
0.3086E+01  0.0000E+00  325.    132.000       
0.3352E+01  0.0000E+00  325.    135.000       
0.3628E+01  0.0000E+00  325.    138.000       
0.3909E+01  0.0000E+00  325.    141.000       
0.4190E+01  0.0000E+00  325.    144.000       
0.4465E+01  0.0000E+00  325.    147.000       
0.4736E+01  0.0000E+00  325.    150.000       
0.5009E+01  0.0000E+00  325.    153.000       
0.5302E+01  0.0000E+00  325.    156.000       
0.5652E+01  0.0000E+00  325.    159.000       
0.6114E+01  0.0000E+00  325.    162.000       
0.6760E+01  0.0000E+00  325.    165.000       
0.7648E+01  0.0000E+00  325.    168.000       
0.8767E+01  0.0000E+00  325.    171.000       
0.9967E+01  0.0000E+00  325.    174.000       
0.1093E+02  0.0000E+00  325.    177.000       
0.1131E+02  0.0000E+00  325.    180.000   
