0.6358E+01  0.0000E+00  450.      0.000
0.6176E+01  0.0000E+00  450.      3.000
0.5825E+01  0.0000E+00  450.      6.000
0.5443E+01  0.0000E+00  450.      9.000
0.5128E+01  0.0000E+00  450.     12.000
0.4904E+01  0.0000E+00  450.     15.000
0.4748E+01  0.0000E+00  450.     18.000
0.4632E+01  0.0000E+00  450.     21.000
0.4530E+01  0.0000E+00  450.     24.000
0.4428E+01  0.0000E+00  450.     27.000
0.4315E+01  0.0000E+00  450.     30.000
0.4188E+01  0.0000E+00  450.     33.000
0.4042E+01  0.0000E+00  450.     36.000
0.3878E+01  0.0000E+00  450.     39.000
0.3697E+01  0.0000E+00  450.     42.000
0.3502E+01  0.0000E+00  450.     45.000
0.3297E+01  0.0000E+00  450.     48.000
0.3087E+01  0.0000E+00  450.     51.000
0.2877E+01  0.0000E+00  450.     54.000
0.2670E+01  0.0000E+00  450.     57.000
0.2472E+01  0.0000E+00  450.     60.000
0.2286E+01  0.0000E+00  450.     63.000
0.2115E+01  0.0000E+00  450.     66.000
0.1959E+01  0.0000E+00  450.     69.000
0.1820E+01  0.0000E+00  450.     72.000
0.1698E+01  0.0000E+00  450.     75.000
0.1593E+01  0.0000E+00  450.     78.000
0.1504E+01  0.0000E+00  450.     81.000
0.1429E+01  0.0000E+00  450.     84.000
0.1369E+01  0.0000E+00  450.     87.000
0.1322E+01  0.0000E+00  450.     90.000
0.1286E+01  0.0000E+00  450.     93.000
0.1263E+01  0.0000E+00  450.     96.000
0.1251E+01  0.0000E+00  450.     99.000
0.1251E+01  0.0000E+00  450.    102.000
0.1264E+01  0.0000E+00  450.    105.000
0.1291E+01  0.0000E+00  450.    108.000
0.1333E+01  0.0000E+00  450.    111.000
0.1393E+01  0.0000E+00  450.    114.000
0.1472E+01  0.0000E+00  450.    117.000
0.1574E+01  0.0000E+00  450.    120.000
0.1701E+01  0.0000E+00  450.    123.000
0.1854E+01  0.0000E+00  450.    126.000
0.2035E+01  0.0000E+00  450.    129.000
0.2243E+01  0.0000E+00  450.    132.000
0.2480E+01  0.0000E+00  450.    135.000
0.2740E+01  0.0000E+00  450.    138.000
0.3020E+01  0.0000E+00  450.    141.000
0.3315E+01  0.0000E+00  450.    144.000
0.3616E+01  0.0000E+00  450.    147.000
0.3917E+01  0.0000E+00  450.    150.000
0.4216E+01  0.0000E+00  450.    153.000
0.4516E+01  0.0000E+00  450.    156.000
0.4841E+01  0.0000E+00  450.    159.000
0.5240E+01  0.0000E+00  450.    162.000
0.5795E+01  0.0000E+00  450.    165.000
0.6616E+01  0.0000E+00  450.    168.000
0.7769E+01  0.0000E+00  450.    171.000
0.9155E+01  0.0000E+00  450.    174.000
0.1038E+02  0.0000E+00  450.    177.000
0.1088E+02  0.0000E+00  450.    180.000
