0.6146E+01  0.0000E+00  400.      0.000
0.5975E+01  0.0000E+00  400.      3.000
0.5643E+01  0.0000E+00  400.      6.000
0.5265E+01  0.0000E+00  400.      9.000
0.4936E+01  0.0000E+00  400.     12.000
0.4688E+01  0.0000E+00  400.     15.000
0.4509E+01  0.0000E+00  400.     18.000
0.4375E+01  0.0000E+00  400.     21.000
0.4263E+01  0.0000E+00  400.     24.000
0.4157E+01  0.0000E+00  400.     27.000
0.4049E+01  0.0000E+00  400.     30.000
0.3931E+01  0.0000E+00  400.     33.000
0.3800E+01  0.0000E+00  400.     36.000
0.3656E+01  0.0000E+00  400.     39.000
0.3498E+01  0.0000E+00  400.     42.000
0.3328E+01  0.0000E+00  400.     45.000
0.3149E+01  0.0000E+00  400.     48.000
0.2964E+01  0.0000E+00  400.     51.000
0.2778E+01  0.0000E+00  400.     54.000
0.2594E+01  0.0000E+00  400.     57.000
0.2416E+01  0.0000E+00  400.     60.000
0.2248E+01  0.0000E+00  400.     63.000
0.2092E+01  0.0000E+00  400.     66.000
0.1950E+01  0.0000E+00  400.     69.000
0.1823E+01  0.0000E+00  400.     72.000
0.1712E+01  0.0000E+00  400.     75.000
0.1616E+01  0.0000E+00  400.     78.000
0.1536E+01  0.0000E+00  400.     81.000
0.1470E+01  0.0000E+00  400.     84.000
0.1419E+01  0.0000E+00  400.     87.000
0.1381E+01  0.0000E+00  400.     90.000
0.1356E+01  0.0000E+00  400.     93.000
0.1344E+01  0.0000E+00  400.     96.000
0.1345E+01  0.0000E+00  400.     99.000
0.1360E+01  0.0000E+00  400.    102.000
0.1389E+01  0.0000E+00  400.    105.000
0.1433E+01  0.0000E+00  400.    108.000
0.1495E+01  0.0000E+00  400.    111.000
0.1576E+01  0.0000E+00  400.    114.000
0.1678E+01  0.0000E+00  400.    117.000
0.1804E+01  0.0000E+00  400.    120.000
0.1955E+01  0.0000E+00  400.    123.000
0.2131E+01  0.0000E+00  400.    126.000
0.2334E+01  0.0000E+00  400.    129.000
0.2562E+01  0.0000E+00  400.    132.000
0.2813E+01  0.0000E+00  400.    135.000
0.3082E+01  0.0000E+00  400.    138.000
0.3366E+01  0.0000E+00  400.    141.000
0.3656E+01  0.0000E+00  400.    144.000
0.3947E+01  0.0000E+00  400.    147.000
0.4234E+01  0.0000E+00  400.    150.000
0.4517E+01  0.0000E+00  400.    153.000
0.4806E+01  0.0000E+00  400.    156.000
0.5130E+01  0.0000E+00  400.    159.000
0.5544E+01  0.0000E+00  400.    162.000
0.6128E+01  0.0000E+00  400.    165.000
0.6976E+01  0.0000E+00  400.    168.000
0.8124E+01  0.0000E+00  400.    171.000
0.9446E+01  0.0000E+00  400.    174.000
0.1057E+02  0.0000E+00  400.    177.000
0.1102E+02  0.0000E+00  400.    180.000
