0.6220E+01  0.0000E+00  350.      0.000       
0.6058E+01  0.0000E+00  350.      3.000       
0.5740E+01  0.0000E+00  350.      6.000       
0.5359E+01  0.0000E+00  350.      9.000       
0.5004E+01  0.0000E+00  350.     12.000       
0.4715E+01  0.0000E+00  350.     15.000       
0.4491E+01  0.0000E+00  350.     18.000       
0.4314E+01  0.0000E+00  350.     21.000       
0.4166E+01  0.0000E+00  350.     24.000       
0.4032E+01  0.0000E+00  350.     27.000       
0.3903E+01  0.0000E+00  350.     30.000       
0.3771E+01  0.0000E+00  350.     33.000       
0.3635E+01  0.0000E+00  350.     36.000       
0.3491E+01  0.0000E+00  350.     39.000       
0.3339E+01  0.0000E+00  350.     42.000       
0.3180E+01  0.0000E+00  350.     45.000       
0.3015E+01  0.0000E+00  350.     48.000       
0.2847E+01  0.0000E+00  350.     51.000       
0.2679E+01  0.0000E+00  350.     54.000       
0.2513E+01  0.0000E+00  350.     57.000       
0.2354E+01  0.0000E+00  350.     60.000       
0.2202E+01  0.0000E+00  350.     63.000       
0.2062E+01  0.0000E+00  350.     66.000       
0.1934E+01  0.0000E+00  350.     69.000       
0.1820E+01  0.0000E+00  350.     72.000       
0.1721E+01  0.0000E+00  350.     75.000       
0.1637E+01  0.0000E+00  350.     78.000       
0.1568E+01  0.0000E+00  350.     81.000       
0.1514E+01  0.0000E+00  350.     84.000       
0.1474E+01  0.0000E+00  350.     87.000       
0.1448E+01  0.0000E+00  350.     90.000       
0.1436E+01  0.0000E+00  350.     93.000       
0.1439E+01  0.0000E+00  350.     96.000       
0.1455E+01  0.0000E+00  350.     99.000       
0.1487E+01  0.0000E+00  350.    102.000       
0.1535E+01  0.0000E+00  350.    105.000       
0.1600E+01  0.0000E+00  350.    108.000       
0.1684E+01  0.0000E+00  350.    111.000       
0.1789E+01  0.0000E+00  350.    114.000       
0.1915E+01  0.0000E+00  350.    117.000       
0.2065E+01  0.0000E+00  350.    120.000       
0.2240E+01  0.0000E+00  350.    123.000       
0.2438E+01  0.0000E+00  350.    126.000       
0.2660E+01  0.0000E+00  350.    129.000       
0.2904E+01  0.0000E+00  350.    132.000       
0.3165E+01  0.0000E+00  350.    135.000       
0.3440E+01  0.0000E+00  350.    138.000       
0.3722E+01  0.0000E+00  350.    141.000       
0.4006E+01  0.0000E+00  350.    144.000       
0.4286E+01  0.0000E+00  350.    147.000       
0.4560E+01  0.0000E+00  350.    150.000       
0.4833E+01  0.0000E+00  350.    153.000       
0.5121E+01  0.0000E+00  350.    156.000       
0.5458E+01  0.0000E+00  350.    159.000       
0.5899E+01  0.0000E+00  350.    162.000       
0.6521E+01  0.0000E+00  350.    165.000       
0.7396E+01  0.0000E+00  350.    168.000       
0.8527E+01  0.0000E+00  350.    171.000       
0.9771E+01  0.0000E+00  350.    174.000       
0.1079E+02  0.0000E+00  350.    177.000       
0.1119E+02  0.0000E+00  350.    180.000   
